0103 280sw
0105 500 500 590
0108 400 439
0111 439 490sw
0112 439
0113 550 
0114 439
0117 360sw
0119 500
0123 500
0124 530 
0126 399 399 399
0127 600

8756



0204 560
0206 379
0207 480 
0209 600
0210 500
0212 500
0215 570sw
0216 1217(540+677)
0217 340sw
0218 710sw
0223 12 500
0223 439
0225 760sw
0228 595

8162


0301 260sw
0304 670sw
0307 500
0309 1010sw
0310 560
0312 770sw
0314 480
0315 729(569+80+80)
0316 1088(538+538+12)
0317 450sw
0321 588 780sw
0322 500
0323 710(550+160) 1020sw
0326 500
0330 500 569 210sw

11894


0401 899
0404 610 400 520 
0407 388 388


