0101 358
0106 368
0107 400
0112 480
0114 470 520
0117 300
0120 478

3374

0202 460
0203 535 540 
0206 600
0207 500
0211 500
0216 615
0218 500
0219 711(468+12+12+59+100+60)
0221 396ylw 490
0225 500
0226 520 
0228 700

7567


0301 560(488+12+60) 500
0305 368 468 126c
0307 500 600(520+80)
0308 480
0313 700
0318 500
0321 520
0323 480

5802


1001 508
1003 500
1013 500
1018 500
1019 368 
1022 500

2876

1102 500 309
1103 480 500
1110 480
1113 398
1116 600 419
1117 622(460+160)
1121 777
1123 700 369ylw
1124 560
1127 500

7214 

1201 500 500
1203 400
1208 469ylw 500 500
1211 400
1212 500
1215 500 520 240
1217 500